170
169
170
164
174
168
164
168
170
171
175
165
168
174
181
161
168
176
167
166
173
170
159
165
169
161
169
172
169
162
170
174
164
172
164
174
168
158
168
165
162
163
165
180
168
165
175
163
163
175
159
162
179
172
169
170
170
172
168
159
161
167
166
174
179
171
166
159
173
170
175
167
165
178
167
160
166
162
161
174
164
166
171
171
167
164
174
164
163
168
165
177
167
172
169
183
166
169
164
176
174
176
179
159
160
167
176
167
166
178
161
163
169
174
176
165
176
155
164
168
168
171
174
166
170
152
171
159
176
161
164
172
164
171
168
178
172
167
173
166
165
166
156
168
166
174
165
172
164
179
163
176
166
164
160
161
172
171
174
184
176
171
173
165
165
178
172
164
178
165
157
164
161
170
169
163
161
174
174
174
176
172
164
164
167
162
167
171
177
164
168
171
169
165
169
165
173
168
160
162
172
165
172
162
182
164
166
167
167
163
165
163
172
174
161
168
168
164
169
166
167
170
178
163
161
167
165
178
167
176
162
167
169
177
174
181
177
158
171
170
173
170
168
165
168
165
179
172
167
169
182
181
163
164
160
167
169
163
173
170
165
173
182
170
183
171
174
176
165
170
157
169
155
160
172
178
168
171
156
162
172
165
176
174
163
162
168
165
180
166
171
163
170
177
166
173
171
168
170
171
163
169
172
168
155
170
170
171
169
168
164
163
174
174
178
167
170
159
170
170
155
180
158
168
164
169
172
161
166
158
170
174
168
168
168
177
169
168
160
168
172
172
165
159
173
174
161
142
166
163
169
171
171
172
164
162
169
172
167
168
160
173
167
161
178
170
164
152
174
170
166
163
169
166
173
169
168
170
178
173
156
170
171
174
172
164
174
180
165
163
173
165
169
168
175
178
162
170
156
171
165
165
156
161
165
164
165
168
163
175
167
166
178
166
164
168
165
169
169
168
175
163
174
171
167
156
171
158
177
167
168
160
166
178
179
159
170
163
168
163
160
167
161
168
167
174
172
172
159
165
170
163
175
163
171
168
176
169
166
164
166
169
174
167
168
165
166
156
169
166
169
171
164
174
166
175
170
171
175
174
166
176
172
171
165
167
166
177
164
172
164
161
170
164
169
163
164
170
163
168
161
178
163
174
181
169
166
165
171
168
163
168
182
170
169
180
168
177
163
174
168
168
168
157
172
177
165
167
183
163
180
165
170
154
169
174
169
170
179
165
169
162
171
172
171
184
170
169
170
168
169
165
170
162
179
166
171
170
171
176
160
171
178
176
175
179
167
158
173
170
177
164
163
177
165
170
166
175
183
171
157
167
165
174
173
158
166
163
169
168
167
167
176
178
164
181
165
172
174
171
166
162
180
160
167
170
169
170
170
170
167
171
169
169
174
173
164
150
171
160
168
170
166
167
173
169
169
165
174
167
177
169
161
165
164
169
164
166
167
167
170
170
165
160
169
180
161
162
166
178
168
172
178
180
170
167
170
159
168
160
164
167
160
166
165
164
165
162
166
176
181
171
159
165
170
158
170
164
180
173
160
168
166
159
176
167
165
166
184
170
175
158
172
181
165
166
159
152
170
163
171
181
171
181
158
170
168
170
174
161
165
168
167
177
170
169
172
174
163
162
167
169
179
167
174
161
167
176
170
167
176
168
163
161
173
165
167
180
170
171
164
164
167
166
162
165
167
176
168
176
152
170
168
163
168
166
166
173
175
160
168
167
171
163
163
167
165
166
173
173
165
178
163
167
169
159
158
172
172
176
159
164
173
174
163
170
161
155
169
169
166
176
169
182
177
166
172
161
163
161
155
170
160
160
155
171
169
166
174
162
167
161
169
161
167
159
164
174
163
166
170
159
159
162
172
166
163
159
159
173
163
160
174
155
175
173
170
170
167
167
162
178
176
170
150
159
158
181
166
157
166
167
180
169
161
168
166
170
171
167
174
164
170
165
164
161
168
166
173
169
164
171
165
173
168
171
163
165
177
165
173
168
176
167
166
170
174
160
166
167
169
164
164
166
172
175
174
170
165
157
170
157
171
178
178
168
173
166
167
162
166
175
169
164
174
172
171
173
164
165
171
172
168
178
166
172
160
175
146
174
180
172
166
156
172
160
161
181
156
168
166
173
162
182
164
169
168
161
166
162
160
170
172
154
175
158
164
166
155
166
170
173
171
167
168
168
157
165
173
173
178
174
181
176
164
168
171
169
176
170
150
160
166
163
169
177
174
160
173
165
164
168
179
163
162
173
170
168
169
167
168
158
168
167
173
166
162
169
177
172
170
168
169
175
159
161
165
178
163
172
168
180
159
173
169
162
170
176
171
173
184
167
167
163
171
173
174
171
173
172
164
165
177
153
164
165
166
167
174
164
168
175
174
163
164
176
164
162
171
174
173
167
156
157
178
163
166
159
166
174
166
163
175
181
171
176
164
170
171
164
183
179
164
161
173
169
173
173
162
172
165
167
169
171
173
168
165
163
160
174
163
165
171
181
168
174
160
167
159
171
169
162
159
159
156
167
170
172
165
160
159
157
176
164
171
165
174
179
183
163
165
173
163
169
176
159
167
180
155
165
170
149
168
163
170
167
164
171
168
177
176
164
166
172
167
167
171
169
166
168
162
168
169
173
164
165
160
163
165
168
162
156
156
163
170
154
161
168
162
166
160
161
165
159
176
170
175
175
167
168
162
169
165
168
169
166
173
166
172
167
